[ 301.56        556.69605082  546.12        472.179936    624.3         747.08976
  411.48        519.4176      359.2392      447.41505562  273.42        581.24256
  443.796       337.1981952   308.712192    656.175       600.855       736.815
  416.9019456   359.2392        0.        ]
[ 245.6      455.1344   450.33056  386.1344   508.1      614.928    331.8
  430.192    297.6592   363.5344   221.2      472.464    358.12     273.264
  251.264    532.2      486.4      601.056    343.9344   297.6592     0.     ]
[ 138.3718571   223.36        226.12        192.61        254.98        303.06
  167.4         210.8         145.28        179.96        112.49        235.56
  182.972       135.96        124.96        276.24558044  248.372       304.932
  168.66        144.8           0.        ]
[ 192.61        353.179936    352.2316      317.74950047  398.93464
  479.0177856   259.26        327.296       227.7176      285.179936
  174.41        375.78204058  283.18496     214.94256     196.76656     417.57
  381.26        470.1444      268.2863616   226.8176        0.        ]
[ 260.362    470.32     468.9604   403.006    538.48     628.86     351.336
  439.4      302.96     375.224    236.396    490.74     376.5416   279.
  256.       568.494    524.32496  638.5572   352.296    301.58       0.     ]
[ 134.16   242.4    247.308  208.638  278.997  327.9    182.4    230.4
  159.06   194.4    121.29   255.     197.82   146.4    133.2    291.66
  269.82   329.46   181.5    158.76     0.   ]
[ 124.96        229.336576    224.32        196.76656     254.2         315.19536
  167.16        214.8176      149.7392      185.336576    111.86        244.60992
  181.22        143.112192    146.05688044  269.22        245.06        301.26
  174.336576    149.7392        0.        ]
[ 123.4      227.3776   223.36     193.7776   253.9      308.6352   166.8
  217.50656  151.7744   182.7776   110.6      237.7776   180.56     140.2992
  128.3392   265.8      245.       298.8      171.4176   151.7744     0.     ]
[ 210.8         388.2176      383.36        327.296       439.4         526.7952
  285.6         402.43817882  254.7232      308.296       190.6         403.296
  305.8         233.8176      214.8176      457.8         419.8         514.2
  292.0176      254.7232        0.        ]
[ 157.96        295.64605082  284.92        250.579936    323.8         395.09676
  216.2016      271.8176      189.3392      238.08605082  141.86        305.84256
  232.946       180.5981952   165.112192    341.82        314.06        384.42
  221.0019456   189.6392        0.        ]
[ 176.9       328.196     322.1       275.6       373.736     435.06
  246.396     305.2       210.16      261.0244    164.416     339.78
  263.08      194.1       176.9       393.554976  364.8976    440.676
  241.5       210.76        0.      ]
[ 144.2    261.56   261.2    221.9    301.1    356.436  198.336  249.76
  172.936  208.6    133.816  274.2    208.9    156.6    143.6    316.236
  287.5    355.86   196.56   172.936    0.   ]
[ 199.8       369.764448  363.96      313.33056   416.25      498.2352
  272.46      349.7232    245.19552   296.084448  181.2       384.4176
  292.56      223.3392    204.7392    435.6       400.86      491.52
  277.33056   248.133312    0.      ]
[ 304.932       548.52        548.82        470.1444      629.34        742.2
  412.98        514.2         356.136       441.57        274.05        577.2
  444.35328     328.86        301.26        671.4096      617.629344
  785.57118566  411.708       356.136         0.        ]
[ 124.96        229.336576    224.32        196.76656     254.2         313.28976
  167.16        214.8176      149.7392      185.336576    111.86        241.06656
  181.22        157.05688044  132.112192    269.22        245.06        301.26
  174.336576    149.7392        0.        ]
[ 303.06        561.13104     547.74        479.0177856   625.2
  799.51280917  410.667       526.7952      363.2352      448.88976     273.96
  588.9094656   443.2776      340.28976     315.19536     661.68        601.62
  742.2         426.13104     363.2352        0.        ]
[ 167.4         303.96        301.2         259.26        348.06        410.667
  248.39514132  285.6         197.16        245.52        158.9009856
  320.16        246.426       182.76        167.16        375.262176
  339.92496     412.98        227.16        197.46          0.        ]
[ 147.65        273.37675136  266.99        237.40181696  303.92        369.27312
  198.06        252.8176      176.9392      220.77675136  133.42        285.83424
  217.816       168.8981952   154.412192    319.17        292.12        360.2244
  207.90116736  176.3392        0.        ]
[ 135.96        250.7945856   244.32        214.94256     277.8         340.28976
  182.76        233.8176      163.3392      202.7945856   121.86        263.24256
  199.596       170.61208381  143.112192    293.22        268.86        328.86
  189.336576    163.3392        0.        ]
[ 115.496     209.336576  208.256     181.53992   231.98      286.28976
  152.16      195.8176    137.49568   169.336576  102.25      220.06656
  165.22      131.112192  121.112192  246.756     223.06      275.22
  159.636576  136.7392      0.      ]
[ 226.12        405.22        449.04965847  352.2316      466.294       547.74
  301.2         383.36        265.43        324.32        202.49        424.92
  323.3         244.32        224.32        487.02        442.1         548.82
  306.444       263.36          0.        ]
