[ 182.972       328.556       323.3         283.18496     372.8         443.2776
  246.426       305.8         211.6         263.956       164.236
  347.60496     286.51185787  199.596       181.22        394.692       365.8576
  444.35328     245.58        211.6           0.        ]
[ 248.372       448.82        442.1         381.26        512.66        601.62
  339.92496     419.8         289.96        360.484       224.9416      469.44
  365.8576      268.86        245.06        547.152576    525.24410537
  617.629344    333.06        291.04          0.        ]
[ 179.96        336.23405082  324.32        285.179936    370.1         448.88976
  245.52        308.296       213.8176      280.94459669  162.46        348.44256
  263.956       202.7945856   185.336576    393.204       360.484       441.57
  251.0019456   214.1176        0.        ]
[ 232.8     422.28    436.8576  360.6     487.95    570.96    317.76
  404.52    277.08    336.6     213.36    441.6     336.6     252.6     231.6
  507.6     463.2     570.6     317.88    276.        0.    ]
[ 112.49        201.86        202.49        174.41        234.32        273.96
  158.9009856   190.6         131.8         162.46        115.46822441
  213.36        164.236       121.86        111.86        251.34456
  224.9416      274.05        152.46        131.2           0.        ]
[ 180.29     325.46     324.47     282.362    375.08     441.276    252.14256
  304.6      210.76     262.06     170.60896  345.876    266.8816   196.26
  179.66     401.63184  362.6416   445.14     245.22     210.16       0.     ]
[ 188.8       345.8176    343.36      294.2176    392.5       471.2352
  255.6       330.7232    232.112192  277.2176    170.6       362.2176
  274.4       210.7392    193.7392    409.8       375.2       461.4
  260.8176    232.112192    0.      ]
[ 236.64        434.679936    432.8091      385.90792961  494.604
  589.0011456   319.56        403.296       280.6176      350.079936
  216.18        461.43592858  349.04496     263.24256     241.06656     514.86
  470.52        581.2944      330.4463616   278.8176        0.        ]
[ 157.96        290.719936    283.72        248.36656     323.8
  401.00157066  214.32        272.456       188.4176      239.93631642
  142.46        304.66656     228.62        177.336576    163.336576
  343.98        312.86        385.62        220.719936    188.4176        0.        ]
[ 157.96        290.131576    283.72        248.36656     323.5         394.88976
  214.62        270.296       187.2176      241.24548416  142.46        304.66656
  228.62        177.336576    163.336576    344.5335      313.8935      385.215
  219.336576    188.73056       0.        ]
[ 124.96      229.336576  224.32      196.76656   254.2       313.67976
  168.12      214.8176    149.7392    185.336576  111.86      241.06656
  182.444     143.112192  132.112192  269.22      245.06      301.26
  174.336576  149.7392      0.      ]
[ 276.8       514.718336  504.56      432.93056   576.86      687.2352
  380.88      482.1232    334.7344    410.398336  251.2       532.0176
  405.16      307.3392    281.7392    603.6       556.36      680.52
  383.53056   335.3344      0.      ]
[ 123.4         226.7776      223.36        193.7776      254.2         308.0352
  166.2         215.60096     150.3392      182.7776      110.6         237.7776
  180.56        147.48130714  128.3392      265.8         245.          298.8
  170.8176      150.3392        0.        ]
[ 123.4      225.2176   226.96     193.1176   253.6      308.6352   166.2
  214.8176   151.50032  181.2176   111.68     236.2176   177.8      138.7392
  127.7392   267.       243.2      299.4      170.5176   151.20032    0.     ]
[ 123.7         229.49056     226.084       196.138336    255.1         308.6352
  165.6         217.50656     154.112192    183.33056     111.2         237.4176
  179.36        139.3392      128.3392      266.1         243.2         300.648
  176.84580096  151.1744        0.        ]
[ 144.8         267.0176      263.36        226.8176      301.25        363.2352
  197.46        254.7232      183.08979712  214.1176      131.2         278.8176
  211.6         163.3392      149.7392      315.6         291.04        356.136
  200.8176      188.91302103    0.        ]
[ 200.4         369.13056     364.56        313.93056     415.86        502.1952
  274.92        351.8832      250.24979712  295.93056     183.96        386.3232
  294.12        223.9392      205.3392      437.76        400.56        493.896
  277.93056     250.24979712    0.        ]
[ 122.8        225.8176     223.36       192.2176     253.9        312.255936
  166.2        217.6832     156.1981952  181.2176     111.2        236.2176
  177.8        138.7392     127.7392     266.4        243.8        300.96
  170.8176     156.1981952    0.       ]
[ 254.98        463.3         466.294       398.93464     567.38569585
  625.2         348.06        439.4         302.66        370.1         234.32
  486.6         372.8         277.8         254.2         558.48        512.66
  629.34        348.3         301.25          0.        ]
[ 339.996      621.80976    611.676      535.229136   697.08       848.185536
  460.02       579.192      401.19168    510.5915328  306.75       654.147456
  493.092      377.48976    347.48976    744.1176     677.54496    828.696
  467.78976    402.09168      0.       ]
