[ 200.1         369.49056     366.084       315.138336    417.66        498.2352
  272.16        349.7232      248.133312    295.33056     181.8         384.4176
  292.56        223.3392      204.7392      434.7         399.96        491.808
  281.24580096  245.19552       0.        ]
[ 146.96        273.07675136  264.92        233.579936    300.8         369.19536
  197.76        252.8176      176.3392      220.47675136  131.86        288.38592
  216.556       168.5981952   161.266304    317.22        290.86        357.42
  206.0019456   176.3392        0.        ]
[ 143.6    261.8    263.6    221.9    301.76   351.     199.536  248.2
  169.9    208.6    135.592  273.6    208.6    156.     143.     317.136
  288.76   352.2    195.3    169.9      0.   ]
[ 200.4         369.13056     365.76        313.93056     415.86        502.1952
  273.72        351.8832      250.24979712  295.93056     182.76        386.3232
  294.12        223.9392      205.3392      436.56        400.56        493.896
  277.93056     250.24979712    0.        ]
[ 179.36        338.98543002  324.32        284.579936    370.1         455.02176
  244.32        311.0176      214.4176      270.08605082  161.86        347.84256
  263.956       202.7945856   185.336576    390.42        358.06        438.42
  254.2853376   214.7176        0.        ]
[ 145.28        267.3776      265.43        227.7176      302.66        363.2352
  197.16        254.7232      188.91302103  213.8176      131.8         278.8176
  211.6         163.3392      149.7392      314.88        289.96        356.136
  202.9536      183.08979712    0.        ]
[ 143.6    261.8    265.16   221.9    301.76   351.     198.936  248.2
  169.9    208.6    134.812  274.8    208.6    156.     143.     316.536
  288.76   352.2    195.3    169.9      0.   ]
[ 157.96        295.64605082  284.92        250.579936    323.8         395.09676
  216.2016      271.8176      189.3392      238.08605082  141.86        305.84256
  232.946       180.5981952   165.112192    341.82        314.06        384.42
  221.0019456   189.6392        0.        ]
[ 202.92        377.44966042  364.32        319.179936    416.1         507.07692
  278.3616      347.8176      239.8176      304.82205082  182.46        390.44256
  296.346       226.7945856   207.336576    441.18        403.86        495.18
  282.7775616   240.1176        0.        ]
[ 157.36        294.21603482  283.96        248.896576    323.2         391.97856
  214.32        271.8176      189.3392      236.65603482  141.56        303.93696
  231.956       179.1629952   163.676992    340.32        313.16        382.32
  219.6185856   189.6392        0.        ]
[ 168.96       313.1945856  304.32       266.54256    348.         421.67976
  229.92       290.8176     202.9392     251.9945856  151.86       326.84256
  250.8516     193.1981952  176.112192   366.72       339.54       411.66
  234.936576   204.222624     0.       ]
[ 170.244     310.994592  305.064     265.8696    349.02      425.09472
  228.36      290.8176    201.73056   250.243776  153.72      324.11376
  244.62      188.683776  173.683776  367.944     334.26      410.85
  236.594592  200.2176      0.      ]
[ 200.4         369.01056     368.496       314.684448    416.76        498.2352
  272.16        349.7232      246.445248    295.33056     181.5         384.4176
  292.56        223.3392      204.7392      435.          399.96        492.696
  278.92631424  245.19552       0.        ]
[ 223.36        433.91470029  405.22        353.179936    463.3         561.13104
  303.96        388.2176      267.3776      336.23405082  201.86        432.44256
  328.556       250.7945856   229.336576    487.98        448.82        548.52
  319.77403392  267.0176        0.        ]
[ 235.56        432.44256     424.92        375.78204058  486.6
  588.9094656   320.16        403.296       278.8176      348.44256     213.36
  489.9822121   347.60496     263.24256     244.60992     513.3         469.44
  577.2         325.66656     278.8176        0.        ]
[ 134.4      247.9776   243.36     210.7776   276.9      337.74816  181.2
  237.10656  165.3744   198.7776   120.6      258.7776   196.56     152.2992
  139.3392   289.8      267.       326.4      187.0176   165.3744     0.     ]
[ 123.4      225.2176   228.88     193.1176   253.6      308.6352   165.6
  214.8176   151.50032  181.2176   110.9      236.2176   177.8      138.7392
  127.7392   266.4      243.2      299.4      170.5176   151.20032    0.     ]
[ 234.          428.2176      425.16        364.6176      485.46        583.1952
  322.08        409.4832      289.48979712  343.6176      214.92        451.2288
  345.24        261.1392      238.9392      511.32        469.896       573.936
  322.0176      289.48979712    0.        ]
[ 144.56    263.      265.628   224.438   304.133   352.5     198.72    248.2
  170.86    209.8     133.2244  274.8     210.7     157.2     143.6     316.62
  291.82    355.62    195.9     170.86      0.    ]
[ 276.24558044  487.98        487.02        417.57        558.48        661.68
  375.262176    457.8         314.88        393.204       251.34456     513.3
  394.692       293.22        269.22        626.18136238  547.152576
  671.4096      366.12        315.6           0.        ]
[ 168.66        319.77403392  306.444       268.2863616   348.3         426.13104
  227.16        292.0176      202.9536      251.0019456   152.46        325.66656
  245.58        189.336576    174.336576    366.12        333.06        411.708
  248.28518246  200.8176        0.        ]
