[('1', '5'), ('1', '9'), ('0', '4'), ('0', '7'), ('2', '4'), ('2', '6'), ('2', '8'), ('5', '9'), ('4', '5'), ('7', '8'), ('6', '4'), ('6', '8')]
[('25', '26'), ('26', '27'), ('27', '33'), ('20', '21'), ('21', '22'), ('22', '39'), ('22', '36'), ('23', '24'), ('23', '18'), ('28', '38'), ('28', '31'), ('28', '37'), ('1', '24'), ('1', '15'), ('0', '27'), ('0', '3'), ('0', '7'), ('0', '10'), ('0', '12'), ('0', '15'), ('0', '18'), ('0', '32'), ('3', '25'), ('3', '20'), ('3', '30'), ('3', '34'), ('2', '26'), ('2', '38'), ('5', '7'), ('5', '9'), ('5', '11'), ('4', '8'), ('4', '14'), ('7', '8'), ('9', '7'), ('9', '11'), ('8', '14'), ('13', '14'), ('10', '11'), ('12', '13'), ('15', '19'), ('14', '22'), ('14', '39'), ('14', '36'), ('16', '24'), ('16', '23'), ('16', '18'), ('33', '35'), ('18', '19'), ('31', '32'), ('30', '31'), ('37', '38'), ('37', '31'), ('36', '39'), ('35', '36'), ('34', '35'), ('19', '21'), ('32', '33')]
cfg: 1,2,24,25
cfg: 1,2,24,18
cfg: 1,2,25,26
cfg: 1,2,26,27
cfg: 1,2,27,28
cfg: 1,2,20,21
cfg: 1,2,21,22
cfg: 1,2,22,23
cfg: 1,2,23,24
cfg: 1,2,28,29
cfg: 1,2,29,38
cfg: 1,2,1,2
cfg: 1,2,0,1
cfg: 1,2,3,4
cfg: 1,2,2,3
cfg: 1,2,5,6
cfg: 1,2,4,5
cfg: 1,2,7,8
cfg: 1,2,6,10
cfg: 1,2,9,10
cfg: 1,2,8,9
cfg: 1,2,13,14
cfg: 1,2,38,39
cfg: 1,2,38,30
cfg: 1,2,11,7
cfg: 1,2,11,12
cfg: 1,2,10,11
cfg: 1,2,12,13
cfg: 1,2,15,16
cfg: 1,2,14,15
cfg: 1,2,17,24
cfg: 1,2,16,17
cfg: 1,2,33,34
cfg: 1,2,18,19
cfg: 1,2,31,32
cfg: 1,2,30,31
cfg: 1,2,37,38
cfg: 1,2,36,37
cfg: 1,2,35,36
cfg: 1,2,34,35
cfg: 1,2,19,20
cfg: 1,2,32,33
cfg: 0,1,24,25
cfg: 0,1,24,18
cfg: 0,1,25,26
cfg: 0,1,26,27
cfg: 0,1,27,28
cfg: 0,1,20,21
cfg: 0,1,21,22
cfg: 0,1,22,23
cfg: 0,1,23,24
cfg: 0,1,28,29
cfg: 0,1,29,38
cfg: 0,1,1,2
cfg: 0,1,0,1
cfg: 0,1,3,4
cfg: 0,1,2,3
cfg: 0,1,5,6
cfg: 0,1,4,5
cfg: 0,1,7,8
cfg: 0,1,6,10
cfg: 0,1,9,10
cfg: 0,1,8,9
cfg: 0,1,13,14
cfg: 0,1,38,39
cfg: 0,1,38,30
cfg: 0,1,11,7
cfg: 0,1,11,12
cfg: 0,1,10,11
cfg: 0,1,12,13
cfg: 0,1,15,16
cfg: 0,1,14,15
cfg: 0,1,17,24
cfg: 0,1,16,17
cfg: 0,1,33,34
cfg: 0,1,18,19
cfg: 0,1,31,32
cfg: 0,1,30,31
cfg: 0,1,37,38
cfg: 0,1,36,37
cfg: 0,1,35,36
cfg: 0,1,34,35
cfg: 0,1,19,20
cfg: 0,1,32,33
cfg: 3,7,24,25
cfg: 3,7,24,18
cfg: 3,7,25,26
cfg: 3,7,26,27
cfg: 3,7,27,28
cfg: 3,7,20,21
cfg: 3,7,21,22
cfg: 3,7,22,23
cfg: 3,7,23,24
cfg: 3,7,28,29
cfg: 3,7,29,38
cfg: 3,7,1,2
cfg: 3,7,0,1
cfg: 3,7,3,4
cfg: 3,7,2,3
cfg: 3,7,5,6
cfg: 3,7,4,5
cfg: 3,7,7,8
cfg: 3,7,6,10
cfg: 3,7,9,10
cfg: 3,7,8,9
cfg: 3,7,13,14
cfg: 3,7,38,39
cfg: 3,7,38,30
cfg: 3,7,11,7
cfg: 3,7,11,12
cfg: 3,7,10,11
cfg: 3,7,12,13
cfg: 3,7,15,16
cfg: 3,7,14,15
cfg: 3,7,17,24
cfg: 3,7,16,17
cfg: 3,7,33,34
cfg: 3,7,18,19
cfg: 3,7,31,32
cfg: 3,7,30,31
cfg: 3,7,37,38
cfg: 3,7,36,37
cfg: 3,7,35,36
cfg: 3,7,34,35
cfg: 3,7,19,20
cfg: 3,7,32,33
cfg: 2,3,24,25
cfg: 2,3,24,18
cfg: 2,3,25,26
cfg: 2,3,26,27
cfg: 2,3,27,28
cfg: 2,3,20,21
cfg: 2,3,21,22
cfg: 2,3,22,23
cfg: 2,3,23,24
cfg: 2,3,28,29
cfg: 2,3,29,38
cfg: 2,3,1,2
cfg: 2,3,0,1
cfg: 2,3,3,4
cfg: 2,3,2,3
cfg: 2,3,5,6
cfg: 2,3,4,5
cfg: 2,3,7,8
cfg: 2,3,6,10
cfg: 2,3,9,10
cfg: 2,3,8,9
cfg: 2,3,13,14
cfg: 2,3,38,39
cfg: 2,3,38,30
cfg: 2,3,11,7
cfg: 2,3,11,12
cfg: 2,3,10,11
cfg: 2,3,12,13
cfg: 2,3,15,16
cfg: 2,3,14,15
cfg: 2,3,17,24
cfg: 2,3,16,17
cfg: 2,3,33,34
cfg: 2,3,18,19
cfg: 2,3,31,32
cfg: 2,3,30,31
cfg: 2,3,37,38
cfg: 2,3,36,37
cfg: 2,3,35,36
cfg: 2,3,34,35
cfg: 2,3,19,20
cfg: 2,3,32,33
cfg: 5,6,24,25
cfg: 5,6,24,18
cfg: 5,6,25,26
cfg: 5,6,26,27
cfg: 5,6,27,28
cfg: 5,6,20,21
cfg: 5,6,21,22
cfg: 5,6,22,23
cfg: 5,6,23,24
cfg: 5,6,28,29
cfg: 5,6,29,38
cfg: 5,6,1,2
cfg: 5,6,0,1
cfg: 5,6,3,4
cfg: 5,6,2,3
cfg: 5,6,5,6
cfg: 5,6,4,5
cfg: 5,6,7,8
cfg: 5,6,6,10
cfg: 5,6,9,10
cfg: 5,6,8,9
cfg: 5,6,13,14
cfg: 5,6,38,39
cfg: 5,6,38,30
cfg: 5,6,11,7
cfg: 5,6,11,12
cfg: 5,6,10,11
cfg: 5,6,12,13
cfg: 5,6,15,16
cfg: 5,6,14,15
cfg: 5,6,17,24
cfg: 5,6,16,17
cfg: 5,6,33,34
cfg: 5,6,18,19
cfg: 5,6,31,32
cfg: 5,6,30,31
cfg: 5,6,37,38
cfg: 5,6,36,37
cfg: 5,6,35,36
cfg: 5,6,34,35
cfg: 5,6,19,20
cfg: 5,6,32,33
cfg: 4,5,24,25
cfg: 4,5,24,18
cfg: 4,5,25,26
cfg: 4,5,26,27
cfg: 4,5,27,28
cfg: 4,5,20,21
cfg: 4,5,21,22
cfg: 4,5,22,23
cfg: 4,5,23,24
cfg: 4,5,28,29
cfg: 4,5,29,38
cfg: 4,5,1,2
cfg: 4,5,0,1
cfg: 4,5,3,4
cfg: 4,5,2,3
cfg: 4,5,5,6
cfg: 4,5,4,5
cfg: 4,5,7,8
cfg: 4,5,6,10
cfg: 4,5,9,10
cfg: 4,5,8,9
cfg: 4,5,13,14
cfg: 4,5,38,39
cfg: 4,5,38,30
cfg: 4,5,11,7
cfg: 4,5,11,12
cfg: 4,5,10,11
cfg: 4,5,12,13
cfg: 4,5,15,16
cfg: 4,5,14,15
cfg: 4,5,17,24
cfg: 4,5,16,17
cfg: 4,5,33,34
cfg: 4,5,18,19
cfg: 4,5,31,32
cfg: 4,5,30,31
cfg: 4,5,37,38
cfg: 4,5,36,37
cfg: 4,5,35,36
cfg: 4,5,34,35
cfg: 4,5,19,20
cfg: 4,5,32,33
cfg: 7,8,24,25
cfg: 7,8,24,18
cfg: 7,8,25,26
cfg: 7,8,26,27
cfg: 7,8,27,28
cfg: 7,8,20,21
cfg: 7,8,21,22
cfg: 7,8,22,23
cfg: 7,8,23,24
cfg: 7,8,28,29
cfg: 7,8,29,38
cfg: 7,8,1,2
cfg: 7,8,0,1
cfg: 7,8,3,4
cfg: 7,8,2,3
cfg: 7,8,5,6
cfg: 7,8,4,5
cfg: 7,8,7,8
cfg: 7,8,6,10
cfg: 7,8,9,10
cfg: 7,8,8,9
cfg: 7,8,13,14
cfg: 7,8,38,39
cfg: 7,8,38,30
cfg: 7,8,11,7
cfg: 7,8,11,12
cfg: 7,8,10,11
cfg: 7,8,12,13
cfg: 7,8,15,16
cfg: 7,8,14,15
cfg: 7,8,17,24
cfg: 7,8,16,17
cfg: 7,8,33,34
cfg: 7,8,18,19
cfg: 7,8,31,32
cfg: 7,8,30,31
cfg: 7,8,37,38
cfg: 7,8,36,37
cfg: 7,8,35,36
cfg: 7,8,34,35
cfg: 7,8,19,20
cfg: 7,8,32,33
cfg: 6,7,24,25
cfg: 6,7,24,18
cfg: 6,7,25,26
cfg: 6,7,26,27
cfg: 6,7,27,28
cfg: 6,7,20,21
cfg: 6,7,21,22
cfg: 6,7,22,23
cfg: 6,7,23,24
cfg: 6,7,28,29
cfg: 6,7,29,38
cfg: 6,7,1,2
cfg: 6,7,0,1
cfg: 6,7,3,4
cfg: 6,7,2,3
cfg: 6,7,5,6
cfg: 6,7,4,5
cfg: 6,7,7,8
cfg: 6,7,6,10
cfg: 6,7,9,10
cfg: 6,7,8,9
cfg: 6,7,13,14
cfg: 6,7,38,39
cfg: 6,7,38,30
cfg: 6,7,11,7
cfg: 6,7,11,12
cfg: 6,7,10,11
cfg: 6,7,12,13
cfg: 6,7,15,16
cfg: 6,7,14,15
cfg: 6,7,17,24
cfg: 6,7,16,17
cfg: 6,7,33,34
cfg: 6,7,18,19
cfg: 6,7,31,32
cfg: 6,7,30,31
cfg: 6,7,37,38
cfg: 6,7,36,37
cfg: 6,7,35,36
cfg: 6,7,34,35
cfg: 6,7,19,20
cfg: 6,7,32,33
cfg: 8,4,24,25
cfg: 8,4,24,18
cfg: 8,9,24,25
cfg: 8,9,24,18
cfg: 8,4,25,26
cfg: 8,9,25,26
cfg: 8,4,26,27
cfg: 8,9,26,27
cfg: 8,4,27,28
cfg: 8,9,27,28
cfg: 8,4,20,21
cfg: 8,9,20,21
cfg: 8,4,21,22
cfg: 8,9,21,22
cfg: 8,4,22,23
cfg: 8,9,22,23
cfg: 8,4,23,24
cfg: 8,9,23,24
cfg: 8,4,28,29
cfg: 8,9,28,29
cfg: 8,4,29,38
cfg: 8,9,29,38
cfg: 8,4,1,2
cfg: 8,9,1,2
cfg: 8,4,0,1
cfg: 8,9,0,1
cfg: 8,4,3,4
cfg: 8,9,3,4
cfg: 8,4,2,3
cfg: 8,9,2,3
cfg: 8,4,5,6
cfg: 8,9,5,6
cfg: 8,4,4,5
cfg: 8,9,4,5
cfg: 8,4,7,8
cfg: 8,9,7,8
cfg: 8,4,6,10
cfg: 8,9,6,10
cfg: 8,4,9,10
cfg: 8,9,9,10
cfg: 8,4,8,9
cfg: 8,9,8,9
cfg: 8,4,13,14
cfg: 8,9,13,14
cfg: 8,4,38,39
cfg: 8,4,38,30
cfg: 8,9,38,39
cfg: 8,9,38,30
cfg: 8,4,11,7
cfg: 8,4,11,12
cfg: 8,9,11,7
cfg: 8,9,11,12
cfg: 8,4,10,11
cfg: 8,9,10,11
cfg: 8,4,12,13
cfg: 8,9,12,13
cfg: 8,4,15,16
cfg: 8,9,15,16
cfg: 8,4,14,15
cfg: 8,9,14,15
cfg: 8,4,17,24
cfg: 8,9,17,24
cfg: 8,4,16,17
cfg: 8,9,16,17
cfg: 8,4,33,34
cfg: 8,9,33,34
cfg: 8,4,18,19
cfg: 8,9,18,19
cfg: 8,4,31,32
cfg: 8,9,31,32
cfg: 8,4,30,31
cfg: 8,9,30,31
cfg: 8,4,37,38
cfg: 8,9,37,38
cfg: 8,4,36,37
cfg: 8,9,36,37
cfg: 8,4,35,36
cfg: 8,9,35,36
cfg: 8,4,34,35
cfg: 8,9,34,35
cfg: 8,4,19,20
cfg: 8,9,19,20
cfg: 8,4,32,33
cfg: 8,9,32,33
[[ 0.  0.  0. ...,  0.  0.  0.]
 [ 0.  0.  0. ...,  0.  0.  0.]
 [ 0.  0.  0. ...,  0.  0.  0.]
 ..., 
 [ 0.  0.  0. ...,  0.  0.  0.]
 [ 0.  0.  0. ...,  0.  0.  0.]
 [ 0.  0.  0. ...,  0.  0.  0.]]
